0.56
0.34
0.77
0.14
0.39
0.85
0.65
0.47
0.47
0.00
0.17
0.74
0.16
0.43
0.56
0.28
0.52
0.50
0.73
0.92
0.72
0.71
0.32
0.88
0.36
0.29
0.02
0.77
0.55
0.84
0.93
0.25
0.02
0.48
0.19
0.84
0.11
0.13
0.07
0.31
0.36
0.11
0.58
0.97
0.62
0.43
0.86
0.54
0.55
0.25
0.01
0.86
0.33
0.90
0.09
0.25
0.29
0.78
0.09
0.13
0.79
0.91
0.08
0.66
0.23
0.28
0.72
0.54
0.44
0.94
0.79
0.06
0.91
0.16
0.32
0.94
0.77
0.46
0.15
0.52
0.67
0.58
0.50
0.34
0.06
0.97
0.16
0.78
0.51
0.45
0.93
0.57
1.00
0.30
0.25
0.58
0.50
0.92
0.77
0.16
0.39
0.38
0.21
0.72
0.14
0.99
0.37
0.25
0.61
0.36
0.60
0.95
0.75
0.43
0.77
0.02
0.41
0.18
0.99
0.44
0.83
0.70
0.70
0.76
0.29
0.04
0.87
0.75
0.05
0.77
0.41
0.76
0.63
0.89
0.11
0.97
0.20
0.92
0.71
0.77
0.21
0.82
0.77
0.51
0.75
0.94
0.74
0.21
0.07
0.40
0.30
0.72
0.95
0.62
0.01
0.45
0.78
0.68
0.19
0.33
0.94
0.20
0.89
0.45
0.90
0.31
0.22
0.77
0.28
0.98
0.11
0.89
0.36
0.39
0.87
0.57
0.47
0.77
0.56
0.27
0.11
0.68
0.71
0.33
0.97
0.96
0.57
0.05
0.36
0.97
0.72
0.57
0.02
0.43
0.67
0.66
0.48
0.81
0.76
0.72
0.77
0.00
0.13
0.50
0.54
0.39
0.57
0.84
0.74
0.33
0.25
0.60
0.92
0.62
0.44
0.50
0.76
0.01
0.35
0.72
0.76
0.58
0.52
0.34
0.12
0.05
0.23
0.61
0.65
0.14
0.53
0.89
0.65
0.69
0.95
0.24
0.19
0.04
0.82
0.99
0.42
0.50
0.16
0.65
0.26
0.89
0.03
0.96
0.67
0.93
0.52
0.14
0.18
0.18
0.64
0.41
0.17
0.09
0.65
0.23
0.29
0.80
0.23
0.24
0.59
0.97
0.85
0.19
0.14
0.12
0.90
0.57
0.92
0.02
0.08
0.76
0.70
0.08
0.02
0.29
0.02
0.69
0.79
0.41
0.99
0.12
0.97
0.79
0.95
0.34
0.11
0.19
0.01
0.99
0.23
0.29
0.06
0.64
0.44
0.59
0.15
0.59
0.47
0.90
0.21
0.82
0.28
0.66
0.41
0.30
0.56
0.76
0.67
0.04
0.99
0.68
0.34
0.73
0.17
0.98
0.98
0.11
0.76
0.65
0.09
0.23
0.48
0.63
0.85
0.13
0.77
0.31
0.46
0.81
0.30
0.56
0.99
0.87
0.93
0.40
0.80
0.45
0.30
0.36
0.46
0.00
0.24
0.96
0.45
0.07
0.21
0.66
0.92
0.48
0.53
0.79
0.07
0.74
0.89
0.60
0.55
0.55
0.38
0.61
0.77
0.90
0.00
0.43
0.08
0.22
0.63
0.78
0.68
0.32
0.37
0.53
0.49
0.88
0.74
0.43
0.29
0.28
0.99
0.62
0.35
0.96
0.27
0.14
0.34
0.66
0.50
0.98
0.44
0.22
0.82
0.31
0.54
0.99
0.22
0.44
0.28
0.97
0.29
0.97
0.52
0.74
0.82
0.83
0.88
0.74
0.73
0.01
0.37
0.51
0.66
0.27
0.88
0.01
0.03
0.05
0.09
0.53
0.06
0.88
0.77
0.44
0.05
0.49
0.82
0.74
0.93
0.83
0.65
0.67
0.69
0.52
0.04
0.01
0.56
0.45
0.20
0.90
0.06
0.37
0.24
0.97
0.09
0.90
0.69
0.67
0.76
0.54
0.99
0.95
0.44
0.80
0.48
0.39
0.91
0.76
0.06
0.24
0.69
0.77
0.03
0.49
0.96
0.43
0.40
0.47
0.27
0.58
0.15
0.85
0.62
0.79
0.93
0.17
0.83
0.64
0.28
0.45
0.03
0.45
0.61
0.60
0.23
0.19
0.51
0.73
0.49
0.75
0.03
0.75
0.59
0.92
0.29
0.16
0.87
0.71
